<?xml version="1.0"?>
<opencv_storage>
<K type_id="opencv-matrix">
  <rows>3</rows>
  <cols>3</cols>
  <dt>d</dt>
  <data>
    1049.1666071479169 0 377.18264304669208 0 1060.9163077340406 291.629715409519 0 0 1</data></K>
</opencv_storage>

